CLIENTI : 20
SUPERMERCATI : 3
VEICOLI : 5
COSTO_BENZINA_MINUTO : 0.07
TEMPO_SERVIZIO : 1
COSTO_FISSO_VEICOLO : 50

ID-DOMANDA :
1 0
2 0
3 0
4 7
5 1
6 9
7 8
8 3
9 1
10 6
11 3
12 9
13 8
14 4
15 6
16 9
17 8
18 1
19 4
20 5
21 3
22 3
23 2

NODO1-NODO2-TEMPO :
1 2 15
1 4 7
1 7 24
1 10 42
1 13 36
1 15 32
1 16 39
1 17 36
2 3 3
2 5 9
2 9 16
2 15 23
2 17 26
2 21 29
2 23 50
3 2 3
3 6 27
3 8 14
3 11 9
3 14 41
3 17 23
3 19 34
3 20 21
3 21 26
3 23 47
4 1 7
4 2 20
4 3 19
4 7 31
4 10 46
4 14 34
4 15 32
4 16 32
4 22 21
4 23 35
5 1 23
5 3 7
5 4 26
5 6 20
5 8 20
5 12 18
5 13 44
5 14 42
5 15 14
5 16 43
5 17 17
5 21 29
5 23 50
6 2 27
6 5 20
6 8 35
6 14 59
6 17 26
6 18 62
6 21 48
7 2 12
7 3 15
7 4 31
7 12 28
7 15 31
7 17 34
7 18 59
7 22 48
7 23 62
8 2 11
8 3 14
8 4 21
8 12 22
8 13 49
8 14 52
9 1 9
9 2 16
9 6 43
9 10 43
9 11 10
9 12 20
9 13 45
9 15 38
9 16 48
9 19 51
9 20 32
9 21 35
10 3 27
10 6 2
10 7 25
10 9 43
10 13 61
10 14 57
10 16 59
10 19 33
10 21 46
11 1 11
11 3 9
11 4 18
11 5 16
11 8 5
11 9 10
11 10 33
11 14 47
11 15 29
11 17 32
11 18 49
11 20 27
11 22 37
11 23 51
12 1 12
12 3 13
12 6 39
12 8 22
12 10 38
12 11 16
12 18 32
12 20 11
12 22 20
12 23 34
13 2 43
13 3 41
13 4 28
13 6 63
13 7 56
13 8 49
13 11 44
13 15 39
13 16 7
13 17 41
13 18 11
13 19 40
13 21 15
14 1 41
14 3 41
14 7 57
14 8 52
14 10 57
14 11 47
14 12 30
14 13 12
14 17 34
14 19 31
15 3 20
15 8 34
15 9 38
15 10 23
15 12 22
15 13 39
15 17 3
15 19 14
15 21 24
16 2 44
16 4 32
16 6 61
16 7 56
16 8 51
16 11 46
16 18 3
16 19 34
17 1 36
17 3 23
17 4 36
17 5 17
17 6 26
17 9 41
17 12 26
17 14 34
17 15 3
17 18 38
17 19 11
17 21 26
17 23 44
18 1 42
18 2 47
18 3 44
18 5 45
18 6 62
18 7 59
18 13 11
18 14 3
18 16 3
18 17 38
18 22 15
19 2 37
19 4 43
19 5 29
19 7 45
19 11 43
19 13 40
19 14 31
19 16 34
19 17 11
19 18 34
19 20 24
20 2 24
20 4 19
20 7 37
20 9 32
20 12 11
20 13 21
20 15 18
20 17 21
20 18 22
20 21 5
20 22 15
21 1 26
21 2 29
21 3 26
21 4 20
21 6 48
21 7 42
21 8 37
21 13 15
21 14 15
21 15 24
21 17 26
21 18 17
21 20 5
21 22 10
22 2 36
22 4 21
22 8 41
22 12 20
22 13 7
22 14 15
22 16 11
22 17 36
22 18 15
22 20 15
22 23 14
23 3 47
23 6 68
23 8 56
23 12 34
23 13 7
23 14 11
23 15 43
23 16 8
23 17 44
23 18 8
23 19 42
23 20 26
23 21 20

ID-TMAX-CAPACITA-SUPERMERCATO :
1 180 70 1
2 180 30 1
3 180 30 2
4 180 30 2
5 180 50 3
