CLIENTI : 10
SUPERMERCATI : 1
VEICOLI : 2
COSTO_BENZINA_MINUTO : 0.07
TEMPO_SERVIZIO : 1
COSTO_FISSO_VEICOLO : 50

ID-DOMANDA :
1 0
2 1
3 2
4 3
5 8
6 4
7 7
8 5
9 10
10 3
11 3

NODO1-NODO2-TEMPO :
1 3 20
1 4 26
1 6 30
1 7 16
1 9 22
1 11 28
2 1 30
2 5 55
2 6 39
2 7 15
2 9 46
2 10 50
3 1 20
3 2 43
3 5 13
3 6 18
3 11 44
4 2 7
4 5 48
4 6 31
4 8 70
4 9 45
4 10 52
5 1 34
5 2 55
5 3 13
5 4 48
5 8 61
6 1 30
6 4 31
6 5 22
6 7 37
6 8 71
7 2 15
7 3 34
7 4 15
7 9 30
7 11 34
8 2 71
8 7 55
8 11 22
9 2 46
9 3 37
9 5 48
9 6 52
9 8 24
9 10 21
10 3 56
10 4 52
10 5 69
10 6 68
10 7 36
10 8 33
10 9 21
10 11 16
11 2 50
11 4 50
11 7 34
11 9 6

ID-TMAX-CAPACITA-SUPERMERCATO :
1 180 30 1
2 180 50 1
